sgc/a0.6452_0002.dr12c_sgc.xyzwi: 4.186093549999907e+04
sgc/a0.6452_rand50x.dr12c_sgc.001.xyzwi: 2.118441740102847e+06
