sgc/a0.6452_0001.dr12c_sgc.xyzwi: 4.206384339999856e+04
sgc/a0.6452_rand50x.dr12c_sgc.001.xyzwi: 2.118441740103044e+06
